1664146581948 0.7032455205917358 1
1664146582255 0.635945200920105 1
1664146584421 0.6843633651733398 10
1664146584701 0.7594079375267029 10
1664146586786 0.5893083810806274 20
1664146586789 0.5458242893218994 20
1664146587325 0.3234905004501343 30
1664146587687 0.6002861261367798 30
1664146588109 0.29813772439956665 40
1664146588112 0.6229016780853271 40
1664146588147 0.11832644790410995 50
1664146588150 0.34367138147354126 50
1664146588185 0.06587109714746475 60
1664146588431 0.4215472936630249 60
1664146588466 0.02184918150305748 70
1664146588780 0.5253188014030457 70
1664146588820 0.01542629860341549 80
1664146589060 0.2846553325653076 80
1664146589096 0.032751571387052536 90
1664146589099 2.202023983001709 90
1664146589134 0.04678405448794365 100
1664146589138 0.8608294725418091 100
