1664223073865 0.2924419045448303 110
1664223074407 0.5378745794296265 110
1664223078169 0.2563508450984955 120
1664223078655 0.589081883430481 120
1664223081772 0.2101902961730957 130
1664223082257 1.0066155195236206 130
1664223084948 0.2193579226732254 140
1664223085238 0.6127606630325317 140
1664223088427 0.20292863249778748 150
1664223088444 0.4998006820678711 150
1664223091173 0.7293863892555237 160
1664223091190 0.665000319480896 160
1664223093887 0.6324641704559326 170
1664223094311 0.6194213032722473 170
1664223097403 0.6322194337844849 180
1664223097416 0.5747731328010559 180
1664223100607 0.5818741917610168 190
1664223100623 0.464289128780365 190
1664223103320 0.5828878283500671 200
1664223103333 0.6770792603492737 200
