1664152011116 0.6859558820724487 1
1664152011487 0.8081591129302979 1
1664152018573 0.692115068435669 10
1664152018885 0.6870173215866089 10
1664152022959 0.7288077473640442 20
1664152023291 0.7399562001228333 20
1664152025709 0.7100679874420166 30
1664152026063 0.744781494140625 30
1664152028844 0.6897473931312561 40
1664152028850 0.5761335492134094 40
1664152031212 0.6298075914382935 50
1664152031630 0.6877413988113403 50
1664152034796 0.6741633415222168 60
1664152035101 0.737930953502655 60
1664152037793 0.7821727395057678 70
1664152037796 0.8876352906227112 70
1664152040268 0.5669987797737122 80
1664152040530 0.6251647472381592 80
1664152042950 0.5695310831069946 90
1664152043203 0.5423195958137512 90
1664152045638 0.562296986579895 100
1664152045642 0.44472402334213257 100
