1664891017332 0.6890743374824524 1
1664891017469 0.6876237988471985 1
1664891023023 0.6867896318435669 10
1664891023039 0.6891847848892212 10
1664891027887 0.6676297187805176 20
1664891027997 0.6755346059799194 20
1664891032504 0.6650116443634033 30
1664891032626 0.610543966293335 30
1664891037292 0.6277452707290649 40
1664891037302 0.6630323529243469 40
1664891043162 0.6015958189964294 50
1664891043289 0.6795840859413147 50
1664891047835 0.6020228862762451 60
1664891047849 0.7268190383911133 60
1664891052837 0.6335095167160034 70
1664891052849 0.5530927181243896 70
1664891059390 0.6023721098899841 80
1664891059555 0.628078043460846 80
1664891066508 0.5532194375991821 90
1664891066525 0.7087237238883972 90
1664891072919 0.5846617221832275 100
1664891072928 0.6393131017684937 100
